      0.000001
      0.000004
      0.000010
      0.000017
      0.000027
      0.000039
      0.000053
      0.000069
      0.000087
      0.000108
      0.000131
      0.000155
      0.000182
      0.000212
      0.000243
      0.000276
      0.000312
      0.000350
      0.000390
      0.000432
      0.000476
      0.000522
      0.000571
      0.000622
      0.000674
      0.000729
      0.000787
      0.000846
      0.000907
      0.000971
      0.001037
      0.001104
      0.001174
      0.001247
      0.001321
      0.001397
      0.001476
      0.001556
      0.001639
      0.001724
      0.001811
      0.001900
      0.001992
      0.002085
      0.002181
      0.002278
      0.002378
      0.002480
      0.002584
      0.002690
      0.002798
      0.002908
      0.003020
      0.003134
      0.003251
      0.003369
      0.003490
      0.003612
      0.003737
      0.003864
      0.003992
      0.004123
      0.004256
      0.004390
      0.004527
      0.004666
      0.004807
      0.004949
      0.005094
      0.005241
      0.005389
      0.005540
      0.005692
      0.005847
      0.006003
      0.006161
      0.006321
      0.006483
      0.006647
      0.006813
      0.006981
      0.007150
      0.007321
      0.007494
      0.007669
      0.007846
      0.008024
      0.008204
      0.008386
      0.008570
      0.008755
      0.008942
      0.009130
      0.009321
      0.009512
      0.009706
      0.009901
      0.010098
      0.010296
      0.010496
      0.010697
      0.010900
      0.011104
      0.011309
      0.011517
      0.011725
      0.011935
      0.012146
      0.012359
      0.012573
      0.012788
      0.013005
      0.013222
      0.013441
      0.013662
      0.013883
      0.014105
      0.014329
      0.014554
      0.014780
      0.015006
      0.015234
      0.015463
      0.015693
      0.015924
      0.016155
      0.016388
      0.016621
      0.016855
      0.017090
      0.017326
      0.017562
      0.017800
      0.018037
      0.018276
      0.018515
      0.018755
      0.018995
      0.019236
      0.019477
      0.019719
      0.019961
      0.020204
      0.020447
      0.020690
      0.020934
      0.021178
      0.021422
      0.021666
      0.021911
      0.022156
      0.022401
      0.022646
      0.022891
      0.023136
      0.023382
      0.023627
      0.023872
      0.024117
      0.024362
      0.024607
      0.024852
      0.025097
      0.025342
      0.025586
      0.025830
      0.026074
      0.026318
      0.026561
      0.026804
      0.027046
      0.027289
      0.027531
      0.027772
      0.028013
      0.028254
      0.028494
      0.028734
      0.028974
      0.029212
      0.029451
      0.029689
      0.029926
      0.030163
      0.030400
      0.030636
      0.030871
      0.031106
      0.031341
      0.031575
      0.031809
      0.032042
      0.032274
      0.032507
      0.032739
      0.032970
      0.033201
      0.033432
      0.033662
      0.033892
      0.034122
      0.034352
      0.034581
      0.034810
      0.035039
      0.035268
      0.035496
      0.035725
      0.035954
      0.036182
      0.036411
      0.036640
      0.036869
      0.037098
      0.037327
      0.037557
      0.037787
      0.038018
      0.038249
      0.038480
      0.038713
      0.038945
      0.039179
      0.039413
      0.039648
      0.039885
      0.040122
      0.040360
      0.040599
      0.040839
      0.041081
      0.041324
      0.041569
      0.041815
      0.042062
      0.042311
      0.042562
      0.042815
      0.043070
      0.043326
      0.043585
      0.043846
      0.044109
      0.044374
      0.044641
      0.044912
      0.045184
      0.045459
      0.045737
      0.046018
      0.046301
      0.046588
      0.046877
      0.047170
      0.047466
      0.047765
      0.048067
      0.048373
      0.048682
      0.048995
      0.049312
      0.049632
      0.049956
      0.050285
      0.050617
      0.050953
      0.051293
      0.051637
      0.051986
      0.052339
      0.052696
      0.053058
      0.053424
      0.053795
      0.054171
      0.054551
      0.054936
      0.055326
      0.055720
      0.056120
      0.056525
      0.056934
      0.057349
      0.057769
      0.058194
      0.058624
      0.059060
      0.059500
      0.059947
      0.060398
      0.060855
      0.061317
      0.061785
      0.062258
      0.062737
      0.063221
      0.063711
      0.064206
      0.064707
      0.065214
      0.065726
      0.066243
      0.066767
      0.067295
      0.067830
      0.068370
      0.068915
      0.069466
      0.070023
      0.070585
      0.071153
      0.071726
      0.072305
      0.072889
      0.073478
      0.074073
      0.074673
      0.075279
      0.075890
      0.076506
      0.077127
      0.077754
      0.078386
      0.079022
      0.079664
      0.080310
      0.080962
      0.081618
      0.082279
      0.082945
      0.083616
      0.084291
      0.084970
      0.085654
      0.086342
      0.087035
      0.087731
      0.088432
      0.089137
      0.089846
      0.090558
      0.091275
      0.091995
      0.092718
      0.093445
      0.094176
      0.094909
      0.095646
      0.096386
      0.097129
      0.097875
      0.098623
      0.099374
      0.100128
      0.100884
      0.101642
      0.102403
      0.103166
      0.103930
      0.104697
      0.105465
      0.106235
      0.107007
      0.107780
      0.108554
      0.109330
      0.110106
      0.110884
      0.111662
      0.112441
      0.113221
      0.114001
      0.114782
      0.115563
      0.116345
      0.117126
      0.117908
      0.118689
      0.119471
      0.120252
      0.121033
      0.121813
      0.122593
      0.123372
      0.124150
      0.124928
      0.125705
      0.126480
      0.127255
      0.128029
      0.128802
      0.129573
      0.130343
      0.131112
      0.131880
      0.132646
      0.133410
      0.134173
      0.134935
      0.135695
      0.136453
      0.137210
      0.137965
      0.138718
      0.139470
      0.140220
      0.140968
      0.141714
      0.142459
      0.143202
      0.143943
      0.144683
      0.145421
      0.146157
      0.146892
      0.147625
      0.148357
      0.149087
      0.149815
      0.150543
      0.151268
      0.151993
      0.152716
      0.153438
      0.154158
      0.154878
      0.155596
      0.156314
      0.157031
      0.157747
      0.158462
      0.159176
      0.159890
      0.160604
      0.161317
      0.162030
      0.162742
      0.163455
      0.164167
      0.164880
      0.165593
      0.166306
      0.167019
      0.167733
      0.168448
      0.169163
      0.169879
      0.170596
      0.171315
      0.172034
      0.172754
      0.173476
      0.174200
      0.174925
      0.175651
      0.176380
      0.177110
      0.177843
      0.178577
      0.179314
      0.180053
      0.180795
      0.181539
      0.182286
      0.183036
      0.183788
      0.184544
      0.185302
      0.186064
      0.186829
      0.187597
      0.188369
      0.189144
      0.189923
      0.190706
      0.191492
      0.192282
      0.193076
      0.193874
      0.194676
      0.195483
      0.196293
      0.197108
      0.197927
      0.198750
      0.199578
      0.200410
      0.201247
      0.202089
      0.202935
      0.203785
      0.204641
      0.205501
      0.206365
      0.207235
      0.208109
      0.208989
      0.209873
      0.210761
      0.211655
      0.212553
      0.213457
      0.214365
      0.215278
      0.216196
      0.217118
      0.218046
      0.218978
      0.219915
      0.220857
      0.221803
      0.222754
      0.223710
      0.224671
      0.225635
      0.226605
      0.227579
      0.228557
      0.229540
      0.230527
      0.231518
      0.232514
      0.233513
      0.234517
      0.235524
      0.236536
      0.237551
      0.238571
      0.239593
      0.240620
      0.241650
      0.242683
      0.243720
      0.244760
      0.245803
      0.246849
      0.247898
      0.248950
      0.250005
      0.251063
      0.252123
      0.253185
      0.254250
      0.255317
      0.256386
      0.257458
      0.258531
      0.259606
      0.260682
      0.261761
      0.262841
      0.263922
      0.265004
      0.266088
      0.267172
      0.268258
      0.269344
      0.270431
      0.271519
      0.272607
      0.273696
      0.274785
      0.275874
      0.276963
      0.278052
      0.279141
      0.280230
      0.281319
      0.282407
      0.283494
      0.284581
      0.285668
      0.286753
      0.287838
      0.288922
      0.290005
      0.291087
      0.292168
      0.293248
      0.294326
      0.295403
      0.296479
      0.297553
      0.298626
      0.299697
      0.300767
      0.301835
      0.302902
      0.303967
      0.305030
      0.306092
      0.307152
      0.308210
      0.309266
      0.310321
      0.311374
      0.312426
      0.313475
      0.314523
      0.315569
      0.316614
      0.317657
      0.318698
      0.319738
      0.320776
      0.321812
      0.322847
      0.323881
      0.324913
      0.325944
      0.326974
      0.328002
      0.329029
      0.330056
      0.331081
      0.332105
      0.333128
      0.334151
      0.335173
      0.336194
      0.337214
      0.338234
      0.339254
      0.340273
      0.341293
      0.342312
      0.343331
      0.344350
      0.345369
      0.346389
      0.347408
      0.348429
      0.349450
      0.350471
      0.351494
      0.352517
      0.353541
      0.354567
      0.355593
      0.356621
      0.357650
      0.358681
      0.359714
      0.360748
      0.361783
      0.362821
      0.363861
      0.364903
      0.365947
      0.366993
      0.368042
      0.369093
      0.370147
      0.371204
      0.372263
      0.373325
      0.374390
      0.375458
      0.376530
      0.377604
      0.378682
      0.379762
      0.380847
      0.381935
      0.383026
      0.384121
      0.385219
      0.386322
      0.387428
      0.388538
      0.389652
      0.390769
      0.391891
      0.393017
      0.394146
      0.395280
      0.396418
      0.397560
      0.398707
      0.399857
      0.401012
      0.402171
      0.403334
      0.404502
      0.405673
      0.406849
      0.408030
      0.409214
      0.410403
      0.411596
      0.412793
      0.413995
      0.415201
      0.416411
      0.417625
      0.418843
      0.420066
      0.421292
      0.422523
      0.423757
      0.424996
      0.426238
      0.427484
      0.428734
      0.429988
      0.431246
      0.432507
      0.433772
      0.435040
      0.436312
      0.437587
      0.438866
      0.440147
      0.441432
      0.442720
      0.444011
      0.445306
      0.446602
      0.447902
      0.449204
      0.450509
      0.451817
      0.453127
      0.454439
      0.455754
      0.457070
      0.458389
      0.459710
      0.461032
      0.462357
      0.463683
      0.465010
      0.466339
      0.467670
      0.469001
      0.470334
      0.471668
      0.473003
      0.474339
      0.475676
      0.477013
      0.478351
      0.479689
      0.481028
      0.482367
      0.483707
      0.485046
      0.486386
      0.487725
      0.489065
      0.490404
      0.491743
      0.493082
      0.494420
      0.495757
      0.497094
      0.498431
      0.499766
      0.501101
      0.502435
      0.503768
      0.505100
      0.506431
      0.507761
      0.509090
      0.510418
      0.511744
      0.513069
      0.514393
      0.515716
      0.517037
      0.518357
      0.519676
      0.520993
      0.522308
      0.523623
      0.524936
      0.526247
      0.527557
      0.528865
      0.530172
      0.531478
      0.532782
      0.534085
      0.535387
      0.536687
      0.537986
      0.539283
      0.540580
      0.541875
      0.543169
      0.544462
      0.545754
      0.547044
      0.548334
      0.549623
      0.550911
      0.552198
      0.553485
      0.554771
      0.556056
      0.557340
      0.558625
      0.559909
      0.561192
      0.562475
      0.563759
      0.565042
      0.566325
      0.567608
      0.568892
      0.570175
      0.571459
      0.572744
      0.574029
      0.575315
      0.576601
      0.577888
      0.579177
      0.580466
      0.581756
      0.583047
      0.584340
      0.585634
      0.586930
      0.588227
      0.589525
      0.590826
      0.592128
      0.593432
      0.594738
      0.596046
      0.597357
      0.598669
      0.599984
      0.601302
      0.602621
      0.603944
      0.605269
      0.606597
      0.607927
      0.609261
      0.610597
      0.611936
      0.613279
      0.614624
      0.615973
      0.617325
      0.618680
      0.620038
      0.621400
      0.622766
      0.624135
      0.625507
      0.626883
      0.628263
      0.629646
      0.631033
      0.632423
      0.633818
      0.635216
      0.636618
      0.638024
      0.639433
      0.640847
      0.642264
      0.643685
      0.645110
      0.646539
      0.647971
      0.649408
      0.650848
      0.652292
      0.653740
      0.655192
      0.656647
      0.658107
      0.659570
      0.661036
      0.662507
      0.663981
      0.665459
      0.666940
      0.668425
      0.669913
      0.671405
      0.672900
      0.674399
      0.675901
      0.677406
      0.678914
      0.680426
      0.681940
      0.683458
      0.684978
      0.686502
      0.688028
      0.689557
      0.691088
      0.692623
      0.694160
      0.695699
      0.697240
      0.698784
      0.700331
      0.701879
      0.703429
      0.704982
      0.706536
      0.708092
      0.709650
      0.711209
      0.712771
      0.714333
      0.715897
      0.717462
      0.719029
      0.720596
      0.722165
      0.723734
      0.725305
      0.726876
      0.728448
      0.730021
      0.731594
      0.733167
      0.734741
      0.736316
      0.737890
      0.739465
      0.741040
      0.742614
      0.744189
      0.745763
      0.747338
      0.748912
      0.750485
      0.752059
      0.753631
      0.755204
      0.756775
      0.758346
      0.759917
      0.761486
      0.763055
      0.764623
      0.766190
      0.767757
      0.769322
      0.770886
      0.772450
      0.774012
      0.775573
      0.777134
      0.778693
      0.780251
      0.781808
      0.783364
      0.784918
      0.786472
      0.788025
      0.789576
      0.791126
      0.792676
      0.794224
      0.795771
      0.797317
      0.798862
      0.800406
      0.801949
      0.803491
      0.805032
      0.806572
      0.808112
      0.809651
      0.811189
      0.812726
      0.814263
      0.815799
      0.817334
      0.818869
      0.820404
      0.821938
      0.823472
      0.825006
      0.826540
      0.828073
      0.829607
      0.831140
      0.832674
      0.834208
      0.835742
      0.837276
      0.838811
      0.840346
      0.841882
      0.843419
      0.844956
      0.846494
      0.848033
      0.849573
      0.851114
      0.852656
      0.854199
      0.855743
      0.857289
      0.858837
      0.860385
      0.861936
      0.863488
      0.865042
      0.866598
      0.868155
      0.869715
      0.871277
      0.872840
      0.874407
      0.875975
      0.877545
      0.879119
      0.880694
      0.882272
      0.883853
      0.885436
      0.887022
      0.888611
      0.890203
      0.891797
      0.893395
      0.894996
      0.896599
      0.898206
      0.899816
      0.901429
      0.903045
      0.904664
      0.906287
      0.907913
      0.909543
      0.911175
      0.912812
      0.914451
      0.916094
      0.917741
      0.919391
      0.921044
      0.922701
      0.924362
      0.926026
      0.927693
      0.929365
      0.931039
      0.932717
      0.934399
      0.936084
      0.937772
      0.939464
      0.941160
      0.942859
      0.944561
      0.946267
      0.947976
      0.949688
      0.951404
      0.953123
      0.954845
      0.956570
      0.958298
      0.960030
      0.961765
      0.963502
      0.965243
      0.966986
      0.968733
      0.970482
      0.972234
      0.973988
      0.975745
      0.977505
      0.979268
      0.981032
      0.982799
      0.984569
      0.986341
      0.988115
      0.989891
      0.991669
      0.993449
      0.995231
      0.997015
      0.998800
      1.000587
      1.002376
      1.004166
      1.005958
      1.007752
      1.009546
      1.011342
      1.013139
      1.014937
      1.016736
      1.018536
      1.020337
      1.022138
      1.023940
      1.025743
      1.027547
      1.029351
      1.031155
      1.032960
      1.034765
      1.036571
      1.038376
      1.040182
      1.041987
      1.043793
      1.045599
      1.047404
      1.049209
      1.051014
      1.052819
      1.054623
      1.056427
      1.058231
      1.060034
      1.061836
      1.063638
      1.065440
      1.067240
      1.069040
      1.070840
      1.072638
      1.074436
      1.076234
      1.078030
      1.079826
      1.081621
      1.083415
      1.085208
      1.087000
      1.088792
      1.090582
      1.092372
      1.094161
      1.095950
      1.097737
      1.099524
      1.101310
      1.103095
      1.104880
      1.106663
      1.108447
      1.110229
      1.112011
      1.113792
      1.115573
      1.117353
      1.119133
      1.120912
      1.122691
      1.124470
      1.126248
      1.128026
      1.129804
      1.131582
      1.133360
      1.135137
      1.136915
      1.138693
      1.140471
      1.142249
      1.144028
      1.145807
      1.147586
      1.149366
      1.151146
      1.152927
      1.154709
      1.156491
      1.158275
      1.160059
      1.161844
      1.163630
      1.165417
      1.167206
      1.168995
      1.170786
      1.172579
      1.174373
      1.176168
      1.177965
      1.179764
      1.181564
      1.183366
      1.185170
      1.186976
      1.188784
      1.190594
      1.192407
      1.194221
      1.196037
      1.197856
      1.199678
      1.201501
      1.203327
      1.205156
      1.206987
      1.208821
      1.210658
      1.212497
      1.214339
      1.216184
      1.218031
      1.219882
      1.221735
      1.223592
      1.225451
      1.227314
      1.229179
      1.231048
      1.232919
      1.234794
      1.236672
      1.238553
      1.240438
      1.242325
      1.244216
      1.246110
      1.248007
      1.249907
      1.251811
      1.253717
      1.255628
      1.257541
      1.259457
      1.261377
      1.263300
      1.265226
      1.267155
      1.269088
      1.271023
      1.272962
      1.274904
      1.276849
      1.278797
      1.280747
      1.282701
      1.284658
      1.286618
      1.288581
      1.290546
      1.292514
      1.294485
      1.296459
      1.298435
      1.300414
      1.302396
      1.304380
      1.306367
      1.308356
      1.310347
      1.312341
      1.314337
      1.316335
      1.318335
      1.320337
      1.322341
      1.324348
      1.326356
      1.328366
      1.330378
      1.332391
      1.334406
      1.336423
      1.338441
      1.340461
      1.342482
      1.344504
      1.346527
      1.348552
      1.350578
      1.352605
      1.354633
      1.356661
      1.358691
      1.360721
      1.362752
      1.364784
      1.366816
      1.368849
      1.370883
      1.372916
      1.374951
      1.376985
      1.379020
      1.381055
      1.383090
      1.385125
      1.387160
      1.389195
      1.391230
      1.393265
      1.395300
      1.397335
      1.399369
      1.401403
      1.403437
      1.405471
      1.407504
      1.409537
      1.411569
      1.413601
      1.415632
      1.417663
      1.419694
      1.421724
      1.423753
      1.425782
      1.427810
      1.429838
      1.431865
      1.433892
      1.435918
      1.437943
      1.439968
      1.441993
      1.444016
      1.446040
      1.448062
      1.450085
      1.452106
      1.454128
      1.456149
      1.458169
      1.460189
      1.462209
      1.464228
      1.466247
      1.468266
      1.470284
      1.472303
      1.474321
      1.476339
      1.478357
      1.480375
      1.482393
      1.484411
      1.486430
      1.488448
      1.490467
      1.492486
      1.494505
      1.496525
      1.498545
      1.500566
      1.502587
      1.504609
      1.506631
      1.508654
      1.510678
      1.512703
      1.514729
      1.516756
      1.518784
      1.520813
      1.522843
      1.524874
      1.526907
      1.528941
      1.530976
      1.533013
      1.535052
      1.537092
      1.539134
      1.541177
      1.543222
      1.545269
      1.547318
      1.549369
      1.551422
      1.553477
      1.555534
      1.557593
      1.559654
      1.561718
      1.563784
      1.565852
      1.567923
      1.569996
      1.572072
      1.574150
      1.576231
      1.578314
      1.580400
      1.582489
      1.584580
      1.586674
      1.588771
      1.590871
      1.592973
      1.595079
      1.597187
      1.599298
      1.601412
      1.603529
      1.605649
      1.607772
      1.609897
      1.612026
      1.614158
      1.616293
      1.618430
      1.620571
      1.622715
      1.624861
      1.627011
      1.629164
      1.631319
      1.633478
      1.635639
      1.637804
      1.639971
      1.642141
      1.644314
      1.646490
      1.648669
      1.650850
      1.653035
      1.655222
      1.657411
      1.659604
      1.661799
      1.663997
      1.666197
      1.668400
      1.670605
      1.672813
      1.675023
      1.677235
      1.679450
      1.681667
      1.683886
      1.686108
      1.688332
      1.690557
      1.692785
      1.695015
      1.697246
      1.699480
      1.701715
      1.703952
      1.706191
      1.708431
      1.710673
      1.712917
      1.715162
      1.717408
      1.719656
      1.721905
      1.724155
      1.726407
      1.728660
      1.730913
      1.733168
      1.735424
      1.737680
      1.739937
      1.742196
      1.744455
      1.746714
      1.748974
      1.751235
      1.753496
      1.755758
      1.758020
      1.760283
      1.762546
      1.764809
      1.767072
      1.769336
      1.771599
      1.773863
      1.776127
      1.778391
      1.780655
      1.782919
      1.785182
      1.787446
      1.789709
      1.791973
      1.794236
      1.796499
      1.798761
      1.801024
      1.803286
      1.805548
      1.807809
      1.810071
      1.812332
      1.814592
      1.816852
      1.819112
      1.821372
      1.823631
      1.825890
      1.828148
      1.830406
      1.832664
      1.834922
      1.837179
      1.839436
      1.841692
      1.843949
      1.846205
      1.848461
      1.850716
      1.852972
      1.855227
      1.857482
      1.859737
      1.861993
      1.864248
      1.866503
      1.868758
      1.871013
      1.873268
      1.875524
      1.877780
      1.880036
      1.882292
      1.884549
      1.886806
      1.889063
      1.891321
      1.893580
      1.895839
      1.898098
      1.900359
      1.902620
      1.904882
      1.907145
      1.909408
      1.911673
      1.913939
      1.916205
      1.918473
      1.920742
      1.923012
      1.925284
      1.927557
      1.929831
      1.932106
      1.934383
      1.936662
      1.938942
      1.941224
      1.943508
      1.945793
      1.948080
      1.950369
      1.952660
      1.954953
      1.957248
      1.959545
      1.961844
      1.964145
      1.966448
      1.968754
      1.971061
      1.973371
      1.975684
      1.977999
      1.980316
      1.982635
      1.984957
      1.987282
      1.989609
      1.991938
      1.994270
      1.996605
      1.998943
      2.001283
      2.003625
      2.005971
      2.008319
      2.010670
      2.013023
      2.015380
      2.017739
      2.020100
      2.022465
      2.024832
      2.027202
      2.029575
      2.031951
      2.034329
      2.036710
      2.039094
      2.041481
      2.043871
      2.046263
      2.048658
      2.051055
      2.053455
      2.055858
      2.058264
      2.060672
      2.063083
      2.065497
      2.067913
      2.070331
      2.072752
      2.075176
      2.077601
      2.080030
      2.082461
      2.084894
      2.087329
      2.089767
      2.092206
      2.094648
      2.097093
      2.099539
      2.101987
      2.104438
      2.106890
      2.109344
      2.111800
      2.114258
      2.116718
      2.119180
      2.121643
      2.124108
      2.126574
      2.129042
      2.131511
      2.133982
      2.136455
      2.138928
      2.141403
      2.143879
      2.146357
      2.148835
      2.151314
      2.153795
      2.156277
      2.158759
      2.161242
      2.163727
      2.166212
      2.168697
      2.171184
      2.173671
      2.176159
      2.178647
      2.181135
      2.183625
      2.186114
      2.188604
      2.191095
      2.193585
      2.196076
      2.198568
      2.201059
      2.203550
      2.206042
      2.208534
      2.211026
      2.213518
      2.216010
      2.218502
      2.220994
      2.223486
      2.225977
      2.228469
      2.230961
      2.233452
      2.235944
      2.238435
      2.240926
      2.243417
      2.245908
      2.248399
      2.250889
      2.253379
      2.255870
      2.258360
      2.260849
      2.263339
      2.265829
      2.268318
      2.270808
      2.273297
      2.275786
      2.278275
      2.280764
      2.283253
      2.285742
      2.288231
      2.290720
      2.293210
      2.295699
      2.298188
      2.300678
      2.303167
      2.305657
      2.308148
      2.310638
      2.313129
      2.315620
      2.318112
      2.320604
      2.323096
      2.325589
      2.328083
      2.330577
      2.333072
      2.335568
      2.338064
      2.340561
      2.343059
      2.345558
      2.348058
      2.350559
      2.353061
      2.355563
      2.358067
      2.360573
      2.363079
      2.365587
      2.368096
      2.370606
      2.373118
      2.375631
      2.378146
      2.380662
      2.383180
      2.385699
      2.388220
      2.390743
      2.393268
      2.395794
      2.398323
      2.400853
      2.403385
      2.405919
      2.408455
      2.410994
      2.413534
      2.416076
      2.418621
      2.421168
      2.423717
      2.426268
      2.428821
      2.431377
      2.433935
      2.436496
      2.439059
      2.441624
      2.444192
      2.446762
      2.449335
      2.451910
      2.454488
      2.457068
      2.459651
      2.462236
      2.464824
      2.467415
      2.470008
      2.472603
      2.475201
      2.477802
      2.480406
      2.483012
      2.485620
      2.488231
      2.490845
      2.493461
      2.496080
      2.498701
      2.501325
      2.503952
      2.506580
      2.509212
      2.511846
      2.514482
      2.517121
      2.519762
      2.522406
      2.525052
      2.527700
      2.530351
      2.533003
      2.535659
      2.538316
      2.540976
      2.543637
      2.546301
      2.548967
      2.551636
      2.554306
      2.556978
      2.559652
      2.562328
      2.565006
      2.567685
      2.570367
      2.573050
      2.575735
      2.578422
      2.581110
      2.583800
      2.586491
      2.589184
      2.591878
      2.594574
      2.597271
      2.599969
      2.602669
      2.605370
      2.608072
      2.610775
      2.613480
      2.616185
      2.618891
      2.621599
      2.624307
      2.627016
      2.629726
      2.632437
      2.635148
      2.637860
      2.640573
      2.643287
      2.646001
      2.648715
      2.651431
      2.654146
      2.656862
      2.659579
      2.662296
      2.665013
      2.667731
      2.670448
      2.673166
      2.675885
      2.678603
      2.681322
      2.684041
      2.686760
      2.689479
      2.692198
      2.694918
      2.697637
      2.700357
      2.703076
      2.705796
      2.708515
      2.711235
      2.713955
      2.716674
      2.719394
      2.722113
      2.724833
      2.727553
      2.730272
      2.732992
      2.735712
      2.738431
      2.741151
      2.743871
      2.746591
      2.749311
      2.752030
      2.754751
      2.757471
      2.760191
      2.762912
      2.765632
      2.768353
      2.771074
      2.773796
      2.776517
      2.779239
      2.781962
      2.784684
      2.787407
      2.790131
      2.792855
      2.795579
      2.798304
      2.801030
      2.803756
      2.806483
      2.809211
      2.811939
      2.814668
      2.817398
      2.820128
      2.822860
      2.825592
      2.828326
      2.831060
      2.833796
      2.836532
      2.839270
      2.842009
      2.844749
      2.847490
      2.850233
      2.852977
      2.855722
      2.858469
      2.861217
      2.863967
      2.866719
      2.869471
      2.872226
      2.874982
      2.877740
      2.880500
      2.883261
      2.886024
      2.888789
      2.891556
      2.894325
      2.897096
      2.899869
      2.902644
      2.905421
      2.908200
      2.910981
      2.913764
      2.916549
      2.919337
      2.922126
      2.924918
      2.927713
      2.930509
      2.933308
      2.936109
      2.938912
      2.941718
      2.944526
      2.947336
      2.950149
      2.952964
      2.955782
      2.958602
      2.961424
      2.964249
      2.967076
      2.969906
      2.972738
      2.975573
      2.978410
      2.981249
      2.984091
      2.986935
      2.989781
      2.992630
      2.995481
      2.998335
      3.001191
      3.004049
      3.006910
      3.009773
      3.012638
      3.015506
      3.018375
      3.021247
      3.024122
      3.026998
      3.029877
      3.032757
      3.035640
      3.038525
      3.041412
      3.044301
      3.047191
      3.050084
      3.052979
      3.055876
      3.058774
      3.061675
      3.064577
      3.067481
      3.070386
      3.073293
      3.076202
      3.079113
      3.082025
      3.084939
      3.087854
      3.090770
      3.093688
      3.096608
      3.099528
      3.102450
      3.105374
      3.108298
      3.111224
      3.114150
      3.117078
      3.120007
      3.122937
      3.125868
      3.128800
      3.131733
      3.134666
      3.137601
      3.140536
      3.143472
      3.146409
      3.149346
      3.152284
      3.155223
      3.158162
      3.161102
      3.164043
      3.166984
      3.169925
      3.172867
      3.175809
      3.178752
      3.181695
      3.184638
      3.187582
      3.190526
      3.193470
      3.196414
      3.199359
      3.202304
      3.205249
      3.208195
      3.211140
      3.214086
      3.217032
      3.219978
      3.222925
      3.225871
      3.228818
      3.231764
      3.234711
      3.237658
      3.240605
      3.243553
      3.246500
      3.249448
      3.252395
      3.255343
      3.258291
      3.261240
      3.264188
      3.267137
      3.270086
      3.273035
      3.275985
      3.278934
      3.281885
      3.284835
      3.287786
      3.290737
      3.293688
      3.296640
      3.299593
      3.302545
      3.305499
      3.308453
      3.311407
      3.314362
      3.317318
      3.320274
      3.323231
      3.326189
      3.329147
      3.332106
      3.335066
      3.338027
      3.340989
      3.343951
      3.346915
      3.349880
      3.352845
      3.355812
      3.358780
      3.361749
      3.364719
      3.367690
      3.370663
      3.373637
      3.376612
      3.379589
      3.382567
      3.385546
      3.388527
      3.391509
      3.394493
      3.397479
      3.400466
      3.403455
      3.406445
      3.409437
      3.412431
      3.415427
      3.418424
      3.421423
      3.424425
      3.427428
      3.430433
      3.433440
      3.436448
      3.439459
      3.442472
      3.445487
      3.448504
      3.451523
      3.454544
      3.457568
      3.460593
      3.463621
      3.466651
      3.469682
      3.472717
      3.475753
      3.478792
      3.481833
      3.484876
      3.487921
      3.490969
      3.494018
      3.497070
      3.500125
      3.503182
      3.506240
      3.509302
      3.512365
      3.515431
      3.518499
      3.521569
      3.524642
      3.527716
      3.530793
      3.533873
      3.536954
      3.540038
      3.543123
      3.546211
      3.549301
      3.552394
      3.555488
      3.558584
      3.561683
      3.564783
      3.567886
      3.570991
      3.574097
      3.577206
      3.580316
      3.583429
      3.586543
      3.589659
      3.592777
      3.595897
      3.599019
      3.602142
      3.605267
      3.608394
      3.611522
      3.614652
      3.617783
      3.620916
      3.624051
      3.627187
      3.630325
      3.633463
      3.636604
      3.639745
      3.642888
      3.646033
      3.649178
      3.652325
      3.655472
      3.658621
      3.661771
      3.664923
      3.668075
      3.671228
      3.674382
      3.677537
      3.680693
      3.683850
      3.687007
      3.690166
      3.693325
      3.696485
      3.699645
      3.702807
      3.705969
      3.709131
      3.712295
      3.715458
      3.718623
      3.721788
      3.724953
      3.728119
      3.731285
      3.734452
      3.737619
      3.740787
      3.743954
      3.747123
      3.750291
      3.753460
      3.756630
      3.759799
      3.762969
      3.766140
      3.769310
      3.772481
      3.775652
      3.778824
      3.781995
      3.785167
      3.788339
      3.791512
      3.794684
      3.797857
      3.801031
      3.804204
      3.807378
      3.810552
      3.813726
      3.816901
      3.820076
      3.823252
      3.826427
      3.829603
      3.832780
      3.835957
      3.839134
      3.842312
      3.845490
      3.848668
      3.851847
      3.855027
      3.858207
      3.861388
      3.864569
      3.867751
      3.870934
      3.874117
      3.877301
      3.880485
      3.883671
      3.886857
      3.890044
      3.893231
      3.896420
      3.899609
      3.902800
      3.905991
      3.909184
      3.912377
      3.915571
      3.918767
      3.921963
      3.925161
      3.928360
      3.931560
      3.934762
      3.937964
      3.941168
      3.944374
      3.947581
      3.950789
      3.953998
      3.957209
      3.960422
      3.963636
      3.966852
      3.970069
      3.973288
      3.976508
      3.979730
      3.982954
      3.986180
      3.989407
      3.992636
      3.995867
      3.999100
      4.002335
      4.005571
      4.008810
      4.012050
      4.015292
      4.018537
      4.021783
      4.025031
      4.028281
      4.031534
      4.034788
      4.038044
      4.041303
      4.044563
      4.047826
      4.051091
      4.054357
      4.057626
      4.060897
      4.064171
      4.067446
      4.070723
      4.074003
      4.077285
      4.080569
      4.083855
      4.087143
      4.090433
      4.093725
      4.097020
      4.100317
      4.103615
      4.106916
      4.110219
      4.113524
      4.116831
      4.120140
      4.123452
      4.126765
      4.130080
      4.133397
      4.136716
      4.140038
      4.143361
      4.146686
      4.150013
      4.153342
      4.156672
      4.160005
      4.163339
      4.166675
      4.170013
      4.173353
      4.176694
      4.180037
      4.183382
      4.186728
      4.190076
      4.193426
      4.196777
      4.200129
      4.203483
      4.206839
      4.210196
      4.213554
      4.216914
      4.220275
      4.223638
      4.227001
      4.230366
      4.233732
      4.237100
      4.240468
      4.243838
      4.247209
      4.250580
      4.253953
      4.257327
      4.260702
      4.264078
      4.267454
      4.270832
      4.274210
      4.277589
      4.280970
      4.284350
      4.287732
      4.291114
      4.294497
      4.297881
      4.301265
      4.304650
      4.308036
      4.311422
      4.314809
      4.318197
      4.321584
      4.324973
      4.328362
      4.331751
      4.335141
      4.338531
      4.341922
      4.345313
      4.348705
      4.352097
      4.355490
      4.358882
      4.362276
      4.365669
      4.369063
      4.372458
      4.375852
      4.379248
      4.382643
      4.386039
      4.389435
      4.392832
      4.396229
      4.399626
      4.403024
      4.406422
      4.409821
      4.413220
      4.416619
      4.420019
      4.423419
      4.426820
      4.430221
      4.433623
      4.437025
      4.440428
      4.443831
      4.447235
      4.450639
      4.454044
      4.457450
      4.460856
      4.464263
      4.467671
      4.471079
      4.474488
      4.477898
      4.481308
      4.484720
      4.488132
      4.491545
      4.494959
      4.498373
      4.501789
      4.505206
      4.508623
      4.512042
      4.515462
      4.518882
      4.522304
      4.525727
      4.529151
      4.532577
      4.536003
      4.539431
      4.542860
      4.546291
      4.549722
      4.553155
      4.556590
      4.560026
      4.563463
      4.566902
      4.570342
      4.573784
      4.577227
      4.580672
      4.584118
      4.587566
      4.591016
      4.594468
      4.597921
      4.601375
      4.604832
      4.608290
      4.611750
      4.615212
      4.618676
      4.622141
      4.625609
      4.629078
      4.632549
      4.636022
      4.639497
      4.642974
      4.646453
      4.649934
      4.653416
      4.656901
      4.660388
      4.663876
      4.667367
      4.670860
      4.674354
      4.677851
      4.681350
      4.684850
      4.688353
      4.691858
      4.695365
      4.698873
      4.702384
      4.705897
      4.709412
      4.712929
      4.716447
      4.719968
      4.723491
      4.727016
      4.730543
      4.734071
      4.737602
      4.741135
      4.744669
      4.748205
      4.751744
      4.755284
      4.758826
      4.762370
      4.765915
      4.769463
      4.773012
      4.776563
      4.780116
      4.783671
      4.787227
      4.790785
      4.794344
      4.797906
      4.801469
      4.805033
      4.808599
      4.812167
      4.815736
      4.819306
      4.822878
      4.826452
      4.830027
      4.833603
      4.837180
      4.840759
      4.844340
      4.847921
      4.851504
      4.855088
      4.858673
      4.862260
      4.865847
      4.869436
      4.873026
      4.876616
      4.880208
      4.883801
      4.887395
      4.890990
      4.894585
      4.898182
      4.901780
      4.905378
      4.908977
      4.912577
      4.916178
      4.919780
      4.923382
      4.926985
      4.930589
      4.934194
      4.937799
      4.941405
      4.945011
      4.948618
      4.952226
      4.955834
      4.959443
      4.963052
      4.966662
      4.970273
      4.973884
      4.977495
      4.981108
      4.984720
      4.988333
      4.991947
      4.995561
      4.999175
      5.002790
      5.006405
      5.010021
      5.013638
      5.017254
      5.020872
      5.024489
      5.028107
      5.031726
      5.035345
      5.038965
      5.042585
      5.046205
      5.049827
      5.053448
      5.057070
      5.060693
      5.064316
      5.067940
      5.071564
      5.075189
      5.078815
      5.082441
      5.086067
      5.089695
      5.093323
      5.096952
      5.100581
      5.104211
      5.107842
      5.111474
      5.115106
      5.118739
      5.122373
      5.126008
      5.129644
      5.133281
      5.136918
      5.140557
      5.144196
      5.147837
      5.151478
      5.155121
      5.158764
      5.162409
      5.166055
      5.169702
      5.173350
      5.176999
      5.180649
      5.184301
      5.187954
      5.191608
      5.195264
      5.198921
      5.202579
      5.206239
      5.209900
      5.213562
      5.217226
      5.220892
      5.224558
      5.228227
      5.231897
      5.235569
      5.239242
      5.242916
      5.246593
      5.250271
      5.253951
      5.257632
      5.261315
      5.265000
      5.268687
      5.272375
      5.276065
      5.279757
      5.283451
      5.287146
      5.290843
      5.294543
      5.298244
      5.301946
      5.305651
      5.309358
      5.313066
      5.316777
      5.320489
      5.324203
      5.327919
      5.331637
      5.335357
      5.339079
      5.342803
      5.346528
      5.350256
      5.353985
      5.357717
      5.361450
      5.365185
      5.368922
      5.372661
      5.376402
      5.380145
      5.383889
      5.387636
      5.391384
      5.395134
      5.398886
      5.402640
      5.406396
      5.410153
      5.413912
      5.417673
      5.421436
      5.425201
      5.428967
      5.432735
      5.436504
      5.440275
      5.444048
      5.447823
      5.451599
      5.455377
      5.459156
      5.462937
      5.466719
      5.470503
      5.474288
      5.478075
      5.481863
      5.485653
      5.489444
      5.493236
      5.497030
      5.500825
      5.504622
      5.508419
      5.512218
      5.516018
      5.519820
      5.523622
      5.527426
      5.531231
      5.535037
      5.538844
      5.542652
      5.546461
      5.550271
      5.554082
      5.557894
      5.561707
      5.565521
      5.569336
      5.573152
      5.576968
      5.580786
      5.584604
      5.588423
      5.592243
      5.596064
      5.599885
      5.603707
      5.607530
      5.611354
      5.615178
      5.619003
      5.622828
      5.626654
      5.630481
      5.634309
      5.638137
      5.641966
      5.645795
      5.649625
      5.653455
      5.657286
      5.661118
      5.664950
      5.668782
      5.672616
      5.676449
      5.680284
      5.684119
      5.687954
      5.691790
      5.695626
      5.699463
      5.703301
      5.707139
      5.710978
      5.714817
      5.718657
      5.722497
      5.726338
      5.730180
      5.734022
      5.737864
      5.741708
      5.745552
      5.749396
      5.753242
      5.757088
      5.760934
      5.764782
      5.768630
      5.772478
      5.776328
      5.780178
      5.784029
      5.787881
      5.791733
      5.795587
      5.799441
      5.803296
      5.807152
      5.811009
      5.814867
      5.818726
      5.822586
      5.826446
      5.830308
      5.834171
      5.838035
      5.841900
      5.845766
      5.849633
      5.853501
      5.857371
      5.861241
      5.865113
      5.868986
      5.872861
      5.876736
      5.880613
      5.884491
      5.888371
      5.892252
      5.896134
      5.900018
      5.903903
      5.907790
      5.911678
      5.915567
      5.919458
      5.923351
      5.927245
      5.931141
      5.935038
      5.938937
      5.942837
      5.946739
      5.950643
      5.954549
      5.958456
      5.962364
      5.966275
      5.970187
      5.974101
      5.978016
      5.981934
      5.985853
      5.989774
      5.993696
      5.997621
      6.001547
      6.005475
      6.009405
      6.013336
      6.017270
      6.021205
      6.025142
      6.029081
      6.033021
      6.036964
      6.040908
      6.044854
      6.048802
      6.052752
      6.056704
      6.060657
      6.064612
      6.068569
      6.072528
      6.076488
      6.080451
      6.084415
      6.088381
      6.092348
      6.096318
      6.100289
      6.104262
      6.108236
      6.112212
      6.116190
      6.120170
      6.124151
      6.128134
      6.132118
      6.136104
      6.140092
      6.144081
      6.148072
      6.152064
      6.156058
      6.160054
      6.164050
      6.168049
      6.172048
      6.176050
      6.180052
      6.184056
      6.188062
      6.192068
      6.196076
      6.200086
      6.204096
      6.208108
      6.212121
      6.216136
      6.220151
      6.224168
      6.228186
      6.232205
      6.236225
      6.240247
      6.244269
      6.248292
      6.252317
      6.256342
      6.260369
      6.264396
      6.268425
      6.272454
      6.276484
      6.280515
      6.284547
      6.288580
      6.292614
      6.296649
      6.300684
      6.304720
      6.308757
      6.312795
      6.316834
      6.320873
      6.324913
      6.328954
      6.332995
      6.337037
      6.341080
      6.345123
      6.349167
      6.353212
      6.357258
      6.361304
      6.365351
      6.369398
      6.373446
      6.377495
      6.381544
      6.385594
      6.389644
      6.393695
      6.397747
      6.401799
      6.405852
      6.409905
      6.413959
      6.418014
      6.422069
      6.426125
      6.430182
      6.434239
      6.438297
      6.442356
      6.446415
      6.450475
      6.454535
      6.458596
      6.462658
      6.466721
      6.470784
      6.474848
      6.478912
      6.482978
      6.487044
      6.491111
      6.495179
      6.499247
      6.503317
      6.507387
      6.511458
      6.515530
      6.519603
      6.523677
      6.527751
      6.531827
      6.535904
      6.539981
      6.544060
      6.548139
      6.552220
      6.556301
      6.560384
      6.564468
      6.568553
      6.572639
      6.576726
      6.580814
      6.584904
      6.588994
      6.593086
      6.597180
      6.601274
      6.605370
      6.609467
      6.613565
      6.617665
      6.621766
      6.625868
      6.629972
      6.634077
      6.638184
      6.642292
      6.646402
      6.650513
      6.654625
      6.658739
      6.662855
      6.666972
      6.671091
      6.675211
      6.679333
      6.683456
      6.687581
      6.691708
      6.695836
      6.699966
      6.704098
      6.708231
      6.712366
      6.716503
      6.720641
      6.724781
      6.728922
      6.733066
      6.737211
      6.741358
      6.745506
      6.749657
      6.753809
      6.757962
      6.762118
      6.766275
      6.770434
      6.774595
      6.778757
      6.782921
      6.787087
      6.791254
      6.795424
      6.799595
      6.803767
      6.807942
      6.812118
      6.816296
      6.820475
      6.824657
      6.828839
      6.833024
      6.837210
      6.841398
      6.845587
      6.849778
      6.853971
      6.858165
      6.862361
      6.866558
      6.870757
      6.874958
      6.879160
      6.883363
      6.887568
      6.891775
      6.895983
      6.900192
      6.904403
      6.908615
      6.912829
      6.917044
      6.921260
      6.925478
      6.929697
      6.933917
      6.938139
      6.942362
      6.946586
      6.950811
      6.955038
      6.959266
      6.963495
      6.967725
      6.971956
      6.976189
      6.980422
      6.984657
      6.988893
      6.993129
      6.997367
      7.001606
      7.005846
      7.010086
      7.014328
      7.018571
      7.022814
      7.027059
      7.031304
      7.035551
      7.039798
      7.044046
      7.048295
      7.052544
      7.056795
      7.061046
      7.065298
      7.069551
      7.073805
      7.078059
      7.082315
      7.086570
      7.090827
      7.095084
      7.099342
      7.103601
      7.107861
      7.112121
      7.116382
      7.120643
      7.124905
      7.129168
      7.133432
      7.137696
      7.141961
      7.146226
      7.150493
      7.154759
      7.159027
      7.163295
      7.167564
      7.171834
      7.176104
      7.180375
      7.184646
      7.188919
      7.193192
      7.197465
      7.201740
      7.206015
      7.210290
      7.214567
      7.218844
      7.223122
      7.227401
      7.231681
      7.235961
      7.240242
      7.244524
      7.248807
      7.253090
      7.257375
      7.261660
      7.265946
      7.270233
      7.274521
      7.278810
      7.283100
      7.287391
      7.291683
      7.295975
      7.300269
      7.304564
      7.308859
      7.313156
      7.317454
      7.321753
      7.326053
      7.330354
      7.334656
      7.338960
      7.343264
      7.347570
      7.351877
      7.356185
      7.360495
      7.364805
      7.369117
      7.373431
      7.377745
      7.382061
      7.386378
      7.390697
      7.395016
      7.399338
      7.403660
      7.407984
      7.412310
      7.416637
      7.420965
      7.425295
      7.429627
      7.433959
      7.438294
      7.442630
      7.446967
      7.451306
      7.455646
      7.459988
      7.464332
      7.468677
      7.473024
      7.477372
      7.481722
      7.486074
      7.490427
      7.494782
      7.499139
      7.503497
      7.507856
      7.512218
      7.516581
      7.520946
      7.525312
      7.529680
      7.534050
      7.538421
      7.542794
      7.547168
      7.551545
      7.555923
      7.560302
      7.564683
      7.569066
      7.573451
      7.577837
      7.582225
      7.586614
      7.591005
      7.595398
      7.599792
      7.604188
      7.608585
      7.612984
      7.617384
      7.621787
      7.626190
      7.630595
      7.635002
      7.639410
      7.643820
      7.648231
      7.652644
      7.657058
      7.661473
      7.665890
      7.670309
      7.674729
      7.679150
      7.683573
      7.687997
      7.692422
      7.696849
      7.701277
      7.705706
      7.710136
      7.714568
      7.719001
      7.723436
      7.727871
      7.732308
      7.736746
      7.741185
      7.745625
      7.750067
      7.754509
      7.758953
      7.763398
      7.767844
      7.772290
      7.776738
      7.781187
      7.785637
      7.790088
      7.794540
      7.798993
      7.803447
      7.807902
      7.812357
      7.816814
      7.821272
      7.825730
      7.830189
      7.834649
      7.839110
      7.843572
      7.848035
      7.852499
      7.856963
      7.861428
      7.865894
      7.870360
      7.874828
      7.879296
      7.883765
      7.888235
      7.892705
      7.897176
      7.901648
      7.906121
      7.910594
      7.915068
      7.919543
      7.924019
      7.928495
      7.932972
      7.937450
      7.941928
      7.946407
      7.950887
      7.955368
      7.959849
      7.964331
      7.968814
      7.973297
      7.977781
      7.982266
      7.986752
      7.991238
      7.995725
      8.000213
      8.004702
      8.009191
      8.013681
      8.018172
      8.022664
      8.027157
      8.031650
      8.036145
      8.040640
      8.045136
      8.049633
      8.054130
      8.058629
      8.063129
      8.067629
      8.072130
      8.076633
      8.081136
      8.085640
      8.090146
      8.094652
      8.099159
      8.103667
      8.108177
      8.112687
      8.117198
      8.121711
      8.126225
      8.130739
      8.135255
      8.139772
      8.144290
      8.148810
      8.153330
      8.157852
      8.162375
      8.166899
      8.171425
      8.175952
      8.180480
      8.185009
      8.189540
      8.194072
      8.198605
      8.203140
      8.207676
      8.212213
      8.216752
      8.221292
      8.225834
      8.230377
      8.234921
      8.239467
      8.244014
      8.248563
      8.253114
      8.257665
      8.262219
      8.266774
      8.271330
      8.275888
      8.280447
      8.285008
      8.289571
      8.294135
      8.298700
      8.303267
      8.307836
      8.312406
      8.316978
      8.321552
      8.326127
      8.330703
      8.335282
      8.339861
      8.344443
      8.349026
      8.353610
      8.358196
      8.362784
      8.367373
      8.371964
      8.376556
      8.381150
      8.385746
      8.390343
      8.394942
      8.399542
      8.404144
      8.408747
      8.413352
      8.417958
      8.422566
      8.427175
      8.431786
      8.436399
      8.441013
      8.445628
      8.450245
      8.454863
      8.459483
      8.464104
      8.468726
      8.473350
      8.477976
      8.482602
      8.487230
      8.491860
      8.496491
      8.501123
      8.505756
      8.510391
      8.515027
      8.519664
      8.524303
      8.528943
      8.533584
      8.538226
      8.542870
      8.547514
      8.552160
      8.556807
      8.561455
      8.566105
      8.570755
      8.575407
      8.580059
      8.584713
      8.589368
      8.594023
      8.598680
      8.603338
      8.607997
      8.612657
      8.617318
      8.621980
      8.626642
      8.631306
      8.635971
      8.640636
      8.645303
      8.649970
      8.654639
      8.659308
      8.663978
      8.668649
      8.673320
      8.677993
      8.682666
      8.687341
      8.692016
      8.696691
      8.701368
      8.706046
      8.710724
      8.715403
      8.720083
      8.724763
      8.729445
      8.734127
      8.738809
      8.743493
      8.748177
      8.752863
      8.757549
      8.762235
      8.766923
      8.771611
      8.776300
      8.780989
      8.785680
      8.790371
      8.795063
      8.799755
      8.804449
      8.809143
      8.813838
      8.818534
      8.823231
      8.827928
      8.832626
      8.837325
      8.842025
      8.846726
      8.851427
      8.856129
      8.860833
      8.865537
      8.870241
      8.874947
      8.879654
      8.884361
      8.889070
      8.893779
      8.898489
      8.903201
      8.907913
      8.912626
      8.917340
      8.922055
      8.926771
      8.931488
      8.936206
      8.940925
      8.945646
      8.950367
      8.955089
      8.959813
      8.964537
      8.969263
      8.973990
      8.978718
      8.983447
      8.988177
      8.992909
      8.997641
      9.002375
      9.007110
      9.011847
      9.016584
      9.021323
      9.026063
      9.030805
      9.035547
      9.040291
      9.045037
      9.049783
      9.054531
      9.059281
      9.064031
      9.068784
      9.073537
      9.078292
      9.083048
      9.087806
      9.092565
      9.097326
      9.102088
      9.106851
      9.111616
      9.116383
      9.121151
      9.125920
      9.130691
      9.135463
      9.140237
      9.145012
      9.149789
      9.154568
      9.159347
      9.164129
      9.168912
      9.173696
      9.178482
      9.183269
      9.188058
      9.192849
      9.197641
      9.202434
      9.207229
      9.212026
      9.216824
      9.221624
      9.226425
      9.231227
      9.236031
      9.240837
      9.245644
      9.250452
      9.255263
      9.260074
      9.264887
      9.269701
      9.274517
      9.279335
      9.284153
      9.288974
      9.293795
      9.298618
      9.303443
      9.308269
      9.313096
      9.317925
      9.322755
      9.327586
      9.332419
      9.337253
      9.342088
      9.346925
      9.351763
      9.356602
      9.361442
      9.366284
      9.371127
      9.375972
      9.380817
      9.385664
      9.390512
      9.395361
      9.400211
      9.405063
      9.409915
      9.414769
      9.419624
      9.424480
      9.429337
      9.434195
      9.439054
      9.443915
      9.448776
      9.453638
      9.458502
      9.463366
      9.468232
      9.473098
      9.477966
      9.482834
      9.487703
      9.492574
      9.497445
      9.502317
      9.507190
      9.512064
      9.516939
      9.521815
      9.526692
      9.531569
      9.536447
      9.541327
      9.546207
      9.551088
      9.555970
      9.560852
      9.565736
      9.570620
      9.575505
      9.580391
      9.585277
      9.590165
      9.595053
      9.599942
      9.604832
      9.609723
      9.614614
      9.619507
      9.624400
      9.629293
      9.634188
      9.639083
      9.643980
      9.648877
      9.653774
      9.658673
      9.663572
      9.668472
      9.673373
      9.678275
      9.683178
      9.688081
      9.692985
      9.697890
      9.702796
      9.707703
      9.712610
      9.717519
      9.722428
      9.727338
      9.732249
      9.737161
      9.742074
      9.746988
      9.751902
      9.756818
      9.761734
      9.766651
      9.771570
      9.776489
      9.781409
      9.786330
      9.791253
      9.796176
      9.801100
      9.806025
      9.810952
      9.815879
      9.820807
      9.825737
      9.830667
      9.835599
      9.840532
      9.845466
      9.850401
      9.855337
      9.860274
      9.865212
      9.870152
      9.875093
      9.880035
      9.884978
      9.889922
      9.894868
      9.899815
      9.904763
      9.909713
      9.914663
      9.919615
      9.924569
      9.929523
      9.934479
      9.939436
      9.944395
      9.949355
      9.954316
      9.959279
      9.964243
      9.969208
      9.974175
      9.979143
      9.984112
      9.989083
      9.994056
      9.999029
     10.004005
     10.008981
     10.013959
     10.018939
     10.023920
     10.028902
     10.033886
     10.038871
     10.043858
     10.048846
     10.053836
     10.058827
     10.063819
     10.068813
     10.073809
     10.078806
     10.083804
     10.088804
     10.093805
     10.098808
     10.103812
     10.108818
     10.113825
     10.118834
     10.123844
     10.128855
     10.133868
     10.138883
     10.143898
     10.148915
     10.153934
     10.158954
     10.163975
     10.168998
     10.174022
     10.179048
     10.184075
     10.189103
     10.194133
     10.199164
     10.204196
     10.209229
     10.214264
     10.219301
     10.224338
     10.229377
     10.234417
     10.239459
     10.244501
     10.249545
     10.254590
     10.259637
     10.264684
     10.269733
     10.274783
     10.279834
     10.284886
     10.289940
     10.294995
     10.300050
     10.305107
     10.310165
     10.315224
     10.320285
     10.325346
     10.330408
     10.335472
     10.340536
     10.345602
     10.350668
     10.355736
     10.360804
     10.365874
     10.370945
     10.376016
     10.381089
     10.386162
     10.391236
     10.396312
     10.401388
     10.406465
     10.411543
     10.416622
     10.421702
     10.426783
     10.431865
     10.436947
     10.442031
     10.447115
     10.452200
     10.457286
     10.462373
     10.467461
     10.472550
     10.477639
     10.482729
     10.487820
     10.492912
     10.498005
     10.503098
     10.508193
     10.513288
     10.518384
     10.523480
     10.528578
     10.533676
     10.538776
     10.543876
     10.548977
     10.554078
     10.559181
     10.564284
     10.569388
     10.574493
     10.579599
     10.584706
     10.589813
     10.594921
     10.600031
     10.605141
     10.610251
     10.615363
     10.620476
     10.625589
     10.630704
     10.635819
     10.640935
     10.646052
     10.651170
     10.656289
     10.661409
     10.666530
     10.671651
     10.676774
     10.681898
     10.687022
     10.692148
     10.697274
     10.702402
     10.707530
     10.712660
     10.717791
     10.722922
     10.728055
     10.733189
     10.738324
     10.743460
     10.748597
     10.753735
     10.758874
     10.764014
     10.769156
     10.774298
     10.779442
     10.784587
     10.789733
     10.794881
     10.800029
     10.805179
     10.810330
     10.815482
     10.820635
     10.825790
     10.830946
     10.836103
     10.841261
     10.846421
     10.851582
     10.856744
     10.861908
     10.867073
     10.872239
     10.877406
     10.882575
     10.887745
     10.892917
     10.898090
     10.903264
     10.908440
     10.913617
     10.918795
     10.923975
     10.929156
     10.934338
     10.939522
     10.944707
     10.949894
     10.955082
     10.960271
     10.965462
     10.970655
     10.975848
     10.981043
     10.986240
     10.991438
     10.996637
     11.001838
     11.007040
     11.012243
     11.017448
     11.022655
     11.027862
     11.033071
     11.038282
     11.043494
     11.048707
     11.053922
     11.059138
     11.064355
     11.069574
     11.074794
     11.080016
     11.085239
     11.090463
     11.095688
     11.100915
     11.106144
     11.111373
     11.116604
     11.121836
     11.127070
     11.132304
     11.137540
     11.142778
     11.148016
     11.153256
     11.158497
     11.163739
     11.168983
     11.174228
     11.179474
     11.184721
     11.189969
     11.195219
     11.200470
     11.205721
     11.210975
     11.216229
     11.221484
     11.226740
     11.231998
     11.237257
     11.242516
     11.247777
     11.253039
     11.258302
     11.263566
     11.268831
     11.274097
     11.279364
     11.284633
     11.289902
     11.295172
     11.300443
     11.305715
     11.310988
     11.316262
     11.321537
     11.326813
     11.332090
     11.337368
     11.342647
     11.347927
     11.353207
     11.358489
     11.363771
     11.369054
     11.374339
     11.379624
     11.384910
     11.390196
     11.395484
     11.400773
     11.406062
     11.411352
     11.416643
     11.421935
     11.427228
     11.432522
     11.437816
     11.443112
     11.448408
     11.453705
     11.459003
     11.464301
     11.469601
     11.474901
     11.480202
     11.485504
     11.490807
     11.496111
     11.501415
     11.506721
     11.512027
     11.517334
     11.522642
     11.527951
     11.533261
     11.538571
     11.543883
     11.549195
     11.554508
     11.559822
     11.565137
     11.570453
     11.575769
     11.581087
     11.586406
     11.591725
     11.597045
     11.602367
     11.607689
     11.613012
     11.618336
     11.623662
     11.628988
     11.634315
     11.639643
     11.644972
     11.650302
     11.655633
     11.660965
     11.666298
     11.671633
     11.676968
     11.682304
     11.687642
     11.692980
     11.698320
     11.703660
     11.709002
     11.714345
     11.719689
     11.725034
     11.730380
     11.735728
     11.741076
     11.746426
     11.751777
     11.757129
     11.762483
     11.767837
     11.773193
     11.778550
     11.783908
     11.789267
     11.794628
     11.799990
     11.805353
     11.810718
     11.816083
     11.821450
     11.826819
     11.832188
     11.837559
     11.842931
     11.848305
     11.853679
     11.859055
     11.864433
     11.869812
     11.875192
     11.880573
     11.885956
     11.891340
     11.896725
     11.902112
     11.907500
     11.912890
     11.918281
     11.923673
     11.929066
     11.934461
     11.939858
     11.945255
     11.950654
     11.956055
     11.961456
     11.966859
     11.972264
     11.977669
     11.983077
     11.988485
     11.993895
     11.999306
     12.004718
     12.010132
     12.015547
     12.020964
     12.026382
     12.031801
     12.037221
     12.042643
     12.048066
     12.053490
     12.058916
     12.064343
     12.069771
     12.075201
     12.080631
     12.086064
     12.091497
     12.096931
     12.102367
     12.107804
     12.113242
     12.118682
     12.124122
     12.129564
     12.135007
     12.140452
     12.145897
     12.151344
     12.156791
     12.162240
     12.167690
     12.173141
     12.178594
     12.184047
     12.189502
     12.194957
     12.200414
     12.205872
     12.211330
     12.216790
     12.222251
     12.227713
     12.233176
     12.238641
     12.244106
     12.249572
     12.255039
     12.260507
     12.265976
     12.271446
     12.276917
     12.282389
     12.287862
     12.293336
     12.298811
     12.304287
     12.309764
     12.315242
     12.320720
     12.326200
     12.331680
     12.337162
     12.342644
     12.348127
     12.353611
     12.359096
     12.364582
     12.370068
     12.375556
     12.381044
     12.386534
     12.392024
     12.397515
     12.403007
     12.408499
     12.413993
     12.419487
     12.424983
     12.430479
     12.435976
     12.441474
     12.446972
     12.452472
     12.457972
     12.463474
     12.468976
     12.474479
     12.479983
     12.485487
     12.490993
     12.496499
     12.502007
     12.507515
     12.513024
     12.518534
     12.524045
     12.529556
     12.535069
     12.540583
     12.546097
     12.551612
     12.557129
     12.562646
     12.568164
     12.573683
     12.579203
     12.584724
     12.590246
     12.595768
     12.601292
     12.606817
     12.612343
     12.617870
     12.623397
     12.628926
     12.634456
     12.639987
     12.645518
     12.651051
     12.656585
     12.662120
     12.667656
     12.673193
     12.678731
     12.684270
     12.689811
     12.695352
     12.700895
     12.706438
     12.711983
     12.717529
     12.723076
     12.728624
     12.734173
     12.739724
     12.745275
     12.750828
     12.756382
     12.761937
     12.767494
     12.773051
     12.778610
     12.784170
     12.789731
     12.795294
     12.800858
     12.806423
     12.811989
     12.817556
     12.823125
     12.828695
     12.834266
     12.839839
     12.845412
     12.850987
     12.856564
     12.862141
     12.867720
     12.873301
     12.878882
     12.884465
     12.890049
     12.895635
     12.901221
     12.906809
     12.912399
     12.917989
     12.923581
     12.929175
     12.934769
     12.940365
     12.945962
     12.951561
     12.957161
     12.962762
     12.968364
     12.973968
     12.979573
     12.985180
     12.990787
     12.996396
     13.002006
     13.007618
     13.013231
     13.018845
     13.024460
     13.030077
     13.035695
     13.041314
     13.046935
     13.052556
     13.058179
     13.063804
     13.069429
     13.075056
     13.080684
     13.086313
     13.091943
     13.097575
     13.103207
     13.108841
     13.114476
     13.120113
     13.125750
     13.131389
     13.137029
     13.142670
     13.148312
     13.153955
     13.159600
     13.165245
     13.170892
     13.176539
     13.182188
     13.187838
     13.193489
     13.199141
     13.204794
     13.210449
     13.216104
     13.221760
     13.227417
     13.233076
     13.238735
     13.244396
     13.250057
     13.255719
     13.261383
     13.267047
     13.272713
     13.278379
     13.284046
     13.289715
     13.295384
     13.301054
     13.306725
     13.312397
     13.318070
     13.323744
     13.329419
     13.335095
     13.340771
     13.346449
     13.352127
     13.357807
     13.363487
     13.369168
     13.374850
     13.380533
     13.386217
     13.391902
     13.397587
     13.403274
     13.408961
     13.414649
     13.420338
     13.426028
     13.431719
     13.437411
     13.443103
     13.448796
     13.454491
     13.460186
     13.465882
     13.471579
     13.477276
     13.482975
     13.488674
     13.494375
     13.500076
     13.505778
     13.511481
     13.517185
     13.522890
     13.528595
     13.534302
     13.540009
     13.545718
     13.551427
     13.557137
     13.562848
     13.568560
     13.574273
     13.579987
     13.585702
     13.591417
     13.597134
     13.602852
     13.608570
     13.614290
     13.620010
     13.625732
     13.631454
     13.637178
     13.642902
     13.648628
     13.654354
     13.660082
     13.665810
     13.671540
     13.677271
     13.683002
     13.688735
     13.694469
     13.700204
     13.705940
     13.711677
     13.717415
     13.723154
     13.728894
     13.734635
     13.740378
     13.746122
     13.751866
     13.757612
     13.763359
     13.769107
     13.774857
     13.780607
     13.786359
     13.792112
     13.797866
     13.803621
     13.809378
     13.815135
     13.820894
     13.826654
     13.832415
     13.838178
     13.843941
     13.849706
     13.855472
     13.861240
     13.867008
     13.872778
     13.878549
     13.884322
     13.890095
     13.895870
     13.901646
     13.907424
     13.913202
     13.918982
     13.924763
     13.930546
     13.936329
     13.942114
     13.947901
     13.953688
     13.959477
     13.965267
     13.971058
     13.976851
     13.982645
     13.988440
     13.994236
     14.000034
     14.005833
     14.011633
     14.017434
     14.023237
     14.029041
     14.034846
     14.040652
     14.046460
     14.052269
     14.058079
     14.063890
     14.069703
     14.075517
     14.081332
     14.087148
     14.092966
     14.098784
     14.104604
     14.110425
     14.116247
     14.122071
     14.127895
     14.133721
     14.139548
     14.145376
     14.151205
     14.157036
     14.162867
     14.168700
     14.174534
     14.180369
     14.186205
     14.192042
     14.197880
     14.203720
     14.209560
     14.215402
     14.221244
     14.227088
     14.232933
     14.238778
     14.244625
     14.250473
     14.256322
     14.262172
     14.268023
     14.273875
     14.279728
     14.285582
     14.291437
     14.297292
     14.303149
     14.309007
     14.314866
     14.320726
     14.326587
     14.332448
     14.338311
     14.344175
     14.350039
     14.355905
     14.361771
     14.367639
     14.373507
     14.379376
     14.385246
     14.391117
     14.396989
     14.402862
     14.408736
     14.414610
     14.420486
     14.426362
     14.432239
     14.438118
     14.443997
     14.449876
     14.455757
     14.461639
     14.467521
     14.473405
     14.479289
     14.485174
     14.491060
     14.496947
     14.502835
     14.508724
     14.514613
     14.520504
     14.526395
     14.532287
     14.538180
     14.544074
     14.549969
     14.555865
     14.561762
     14.567659
     14.573557
     14.579457
     14.585357
     14.591258
     14.597160
     14.603063
     14.608967
     14.614872
     14.620778
     14.626684
     14.632592
     14.638500
     14.644410
     14.650320
     14.656232
     14.662144
     14.668057
     14.673972
     14.679887
     14.685803
     14.691721
     14.697639
     14.703558
     14.709478
     14.715400
     14.721322
     14.727245
     14.733170
     14.739095
     14.745022
     14.750949
     14.756878
     14.762807
     14.768738
     14.774670
     14.780603
     14.786537
     14.792472
     14.798408
     14.804345
     14.810283
     14.816223
     14.822164
     14.828105
     14.834048
     14.839992
     14.845937
     14.851884
     14.857831
     14.863780
     14.869730
     14.875681
     14.881633
     14.887586
     14.893541
     14.899496
     14.905453
     14.911411
     14.917371
     14.923331
     14.929293
     14.935256
     14.941220
     14.947185
     14.953152
     14.959120
     14.965089
     14.971059
     14.977030
     14.983003
     14.988977
     14.994952
     15.000929
     15.006906
     15.012885
     15.018865
     15.024846
     15.030829
     15.036813
     15.042798
     15.048784
     15.054771
     15.060760
     15.066750
     15.072741
     15.078733
     15.084727
     15.090721
     15.096717
     15.102714
     15.108713
     15.114712
     15.120713
     15.126715
     15.132718
     15.138723
     15.144728
     15.150735
     15.156743
     15.162752
     15.168762
     15.174773
     15.180786
     15.186800
     15.192815
     15.198831
     15.204848
     15.210866
     15.216885
     15.222906
     15.228928
     15.234950
     15.240974
     15.246999
     15.253025
     15.259052
     15.265080
     15.271110
     15.277140
     15.283171
     15.289204
     15.295237
     15.301272
     15.307307
     15.313344
     15.319382
     15.325420
     15.331460
     15.337501
     15.343542
     15.349585
     15.355629
     15.361673
     15.367719
     15.373766
     15.379813
     15.385862
     15.391911
     15.397962
     15.404013
     15.410066
     15.416119
     15.422173
     15.428228
     15.434284
     15.440341
     15.446399
     15.452458
     15.458518
     15.464579
     15.470640
     15.476703
     15.482766
     15.488830
     15.494896
     15.500962
     15.507029
     15.513097
     15.519165
     15.525235
     15.531305
     15.537377
     15.543449
     15.549522
     15.555596
     15.561671
     15.567747
     15.573824
     15.579901
     15.585980
     15.592059
     15.598139
     15.604220
     15.610302
     15.616385
     15.622469
     15.628554
     15.634639
     15.640726
     15.646813
     15.652901
     15.658990
     15.665080
     15.671171
     15.677263
     15.683356
     15.689450
     15.695544
     15.701640
     15.707737
     15.713834
     15.719932
     15.726032
     15.732132
     15.738233
     15.744335
     15.750439
     15.756543
     15.762648
     15.768754
     15.774861
     15.780969
     15.787078
     15.793188
     15.799299
     15.805411
     15.811524
     15.817638
     15.823753
     15.829869
     15.835987
     15.842105
     15.848224
     15.854345
     15.860466
     15.866588
     15.872712
     15.878836
     15.884962
     15.891089
     15.897217
     15.903346
     15.909476
     15.915607
     15.921739
     15.927873
     15.934007
     15.940143
     15.946280
     15.952417
     15.958557
     15.964697
     15.970838
     15.976980
     15.983124
     15.989269
     15.995415
     16.001562
     16.007710
     16.013860
     16.020010
     16.026162
     16.032315
     16.038469
     16.044625
     16.050781
     16.056939
     16.063098
     16.069258
     16.075419
     16.081582
     16.087745
     16.093910
     16.100076
     16.106243
     16.112412
     16.118581
     16.124752
     16.130924
     16.137097
     16.143272
     16.149447
     16.155624
     16.161802
     16.167981
     16.174161
     16.180343
     16.186526
     16.192709
     16.198894
     16.205081
     16.211268
     16.217456
     16.223646
     16.229837
     16.236029
     16.242222
     16.248416
     16.254612
     16.260808
     16.267006
     16.273205
     16.279405
     16.285606
     16.291808
     16.298012
     16.304216
     16.310422
     16.316628
     16.322836
     16.329045
     16.335255
     16.341466
     16.347678
     16.353891
     16.360105
     16.366321
     16.372537
     16.378754
     16.384973
     16.391192
     16.397413
     16.403634
     16.409857
     16.416080
     16.422305
     16.428530
     16.434757
     16.440985
     16.447213
     16.453443
     16.459673
     16.465905
     16.472137
     16.478371
     16.484605
     16.490841
     16.497077
     16.503314
     16.509552
     16.515791
     16.522032
     16.528273
     16.534515
     16.540757
     16.547001
     16.553246
     16.559492
     16.565738
     16.571986
     16.578234
     16.584483
     16.590733
     16.596984
     16.603236
     16.609489
     16.615743
     16.621998
     16.628253
     16.634509
     16.640767
     16.647025
     16.653284
     16.659544
     16.665805
     16.672067
     16.678329
     16.684593
     16.690857
     16.697122
     16.703388
     16.709655
     16.715923
     16.722192
     16.728462
     16.734732
     16.741004
     16.747276
     16.753550
     16.759824
     16.766099
     16.772375
     16.778652
     16.784930
     16.791208
     16.797488
     16.803768
     16.810050
     16.816332
     16.822616
     16.828900
     16.835185
     16.841471
     16.847758
     16.854046
     16.860335
     16.866625
     16.872916
     16.879208
     16.885501
     16.891795
     16.898089
     16.904385
     16.910682
     16.916980
     16.923279
     16.929578
     16.935879
     16.942181
     16.948484
     16.954788
     16.961092
     16.967398
     16.973705
     16.980013
     16.986322
     16.992632
     16.998943
     17.005256
     17.011569
     17.017883
     17.024198
     17.030515
     17.036832
     17.043151
     17.049471
     17.055792
     17.062114
     17.068437
     17.074761
     17.081086
     17.087412
     17.093740
     17.100068
     17.106398
     17.112729
